77 111
78 109
78 110
78 112
78 113
78 114
78 115
78 116
78 117
79 107
79 108
79 118
80 105
80 106
80 119
81 104
81 120
82 102
82 103
82 121
83 101
83 121
84 101
84 122
85 99
85 100
85 122
86 98
86 123
87 98
87 123
88 97
88 123
89 96
89 124
90 95
90 124
91 95
91 124
92 94
92 124
93 93
93 125
94 93
94 125
95 92
95 125
96 91
96 125
97 91
97 125
98 90
98 125
99 90
99 125
100 89
100 125
101 89
101 125
102 88
102 125
103 88
103 125
104 87
104 125
105 87
105 125
106 86
106 125
107 86
107 125
108 85
108 125
109 85
109 124
110 84
110 123
110 124
111 84
111 122
112 83
112 122
113 83
113 121
114 83
114 121
115 82
115 121
116 82
116 121
117 82
117 122
118 81
118 122
119 81
119 123
120 80
120 122
121 80
121 123
122 80
122 122
123 79
123 122
124 79
124 122
125 79
125 122
126 78
126 122
127 78
127 121
128 78
128 121
129 78
129 121
130 77
130 120
131 77
131 120
132 77
132 120
133 77
133 119
134 76
134 119
135 76
135 119
136 76
136 118
137 76
137 118
138 75
138 118
139 75
139 117
140 75
140 117
141 76
141 117
142 75
142 116
142 119
142 120
142 134
142 135
142 136
143 75
143 117
143 118
143 121
143 122
143 133
143 137
144 75
144 115
144 122
144 133
144 138
144 139
145 74
145 114
145 116
145 123
145 124
145 131
145 132
145 140
145 141
146 74
146 113
146 115
146 125
146 126
146 129
146 130
146 142
147 75
147 113
147 115
147 127
147 128
147 143
148 75
148 112
148 114
148 144
149 75
149 112
149 114
149 145
150 75
150 111
150 113
150 146
151 75
151 111
151 113
151 147
152 75
152 110
152 112
152 148
153 75
153 110
153 112
153 148
154 75
154 109
154 111
154 149
155 75
155 109
155 111
155 150
156 75
156 108
156 110
156 150
157 75
157 109
157 151
158 75
158 151
159 74
159 151
160 74
160 152
161 74
161 152
162 74
162 152
163 74
163 104
163 153
164 75
164 103
164 105
164 153
165 75
165 104
165 153
166 75
166 102
166 153
167 75
167 101
167 103
167 153
168 76
168 100
168 102
168 154
169 76
169 100
169 102
169 154
170 77
170 99
170 101
170 154
171 77
171 99
171 101
171 154
172 78
172 97
172 98
172 101
172 154
173 78
173 96
173 101
173 154
174 79
174 94
174 95
174 101
174 154
175 80
175 93
175 101
175 154
176 80
176 81
176 91
176 92
176 101
176 154
177 82
177 83
177 86
177 87
177 89
177 90
177 102
177 153
178 84
178 85
178 88
178 102
178 153
179 102
179 153
180 102
180 153
181 102
181 152
182 103
182 152
183 103
183 152
184 104
184 152
185 104
185 151
186 104
186 151
187 104
187 150
188 105
188 150
189 106
189 150
190 106
190 149
191 107
191 148
192 107
192 148
193 108
193 147
194 109
194 146
195 110
195 146
196 110
196 145
197 111
197 144
198 112
198 113
198 142
198 143
199 114
199 141
200 115
200 116
200 139
200 140
201 117
201 118
201 137
201 138
202 119
202 120
202 135
202 136
203 121
203 122
203 123
203 124
203 125
203 126
203 127
203 128
203 129
203 130
203 131
203 132
203 133
203 134
